XDAC V1.4 Datafile V1
"TiPyro3_Oct09.2703" created on 11/1/09 at 7:25:25 PM on U-7A
Diffraction element= 1200 l/mm.  Ring energy= 800.00 GeV
E0= 440.00
NUM_REGIONS= 3
SRB= 0 10 35 50
SRSS= .2 .1 .2
SPP= 1 1 1
Settling time= 0.00


Offsets= 2.20 140.00 189.80 449.60
Gains= 10.00 0.00 0.00 0.00
Pyrochlore#3(Pristine GdTi2O7)/Angle 55/Bias -270/TiN Mesh
1200l/mm Gratings, 30um slits, ecc:60uA
CsI FY Collector:2200V, BackEnd:2000V, Cone:GND, Bias:-760
--------------------------------------------------------------------------------
        Energy         Io_up            I0            EY        FY_CsI
     440.01317        0.8000     4634.0000      449.2000     1989.4000
     440.17919        0.8000     4644.0000      445.2000     2159.4000
     440.39710        0.8000     4654.0000      444.2000     2075.4000
     440.61251       -0.2000     4664.0000      449.2000     2085.4000
     440.82813       -0.2000     4678.0000      448.2000     2199.4000
     440.99476        0.8000     4687.0000      458.2000     2140.4000
     441.21075        0.8000     4700.0000      458.2000     2117.4000
     441.37768        0.8000     4710.0000      457.2000     2236.4000
     441.59952        0.8000     4724.0000      459.2000     2174.4000
     441.81611        0.8000     4738.0000      457.2000     2182.4000
     441.98075        0.8000     4749.0000      463.2000     2134.4000
     442.20320        0.8000     4764.0000      469.2000     2099.4000
     442.41763        0.8000     4777.0000      468.2000     2136.4000
     442.58546        0.8000     4787.0000      462.2000     2249.4000
     442.80577        0.8000     4801.0000      471.2000     2183.4000
     443.02354       -0.2000     4816.0000      472.2000     2228.4000
     443.18908       -0.2000     4828.0000      467.2000     2149.4000
     443.40723       -0.2000     4844.0000      478.2000     2178.4000
     443.57858        0.8000     4856.0000      481.2000     2220.4000
     443.79988        0.8000     4872.0000      481.2000     2195.4000
     444.02140        0.8000     4886.0000      481.2000     2290.4000
     444.18768        0.8000     4897.0000      483.2000     2335.4000
     444.40682        0.8000     4911.0000      478.2000     2259.4000
     444.57894        0.8000     4923.0000      478.2000     2270.4000
     444.79846        0.8000     4936.0000      490.2000     2115.4000
     445.02098        0.8000     4949.0000      491.2000     2248.4000
     445.18523        0.8000     4960.0000      486.2000     2296.4000
     445.41092        0.8000     4977.0000      493.2000     2243.4000
     445.58383        0.8000     4989.0000      498.2000     2351.4000
     445.80155       -0.2000     4997.0000      495.2000     2252.4000
     446.02227       -0.2000     5012.0000      501.2000     2305.4000
     446.19006        0.8000     5022.0000      503.2000     2344.4000
     446.41397        0.8000     5035.0000      495.2000     2320.4000
     446.58486        0.8000     5045.0000      507.2000     2269.4000
     446.80636        0.8000     5057.0000      503.2000     2271.4000
     446.97754        0.8000     5067.0000      506.2000     2262.4000
     447.20225        0.8000     5079.0000      511.2000     2376.4000
     447.42436        0.8000     5092.0000      509.2000     2311.4000
     447.59602        0.8000     5102.0000      511.2000     2456.4000
     447.81290        0.8000     5114.0000      515.2000     2330.4000
     447.98767        0.8000     5126.0000      512.2000     2493.4000
     448.20775       -0.2000     5136.0000      519.2000     2309.4000
     448.38566        0.8000     5148.0000      522.2000     2472.4000
     448.61178        0.8000     5158.0000      519.2000     2360.4000
     448.78152        0.8000     5167.0000      518.2000     2370.4000
     449.00804        0.8000     5176.0000      516.2000     2370.4000
     449.22629        0.8000     5186.0000      522.2000     2491.4000
     449.39933        0.8000     5193.0000      521.2000     2433.4000
     449.57535        0.8000     5204.0000      521.2000     2417.4000
     449.80267        0.8000     5211.0000      521.2000     2465.4000
     450.02169        0.8000     5223.0000      527.2000     2365.4000
     450.08430        0.8000     5224.0000      531.2000     2501.4000
     450.20104        0.8000     5231.0000      529.2000     2478.4000
     450.31214        0.8000     5236.0000      527.2000     2474.4000
     450.37199        0.8000     5240.0000      527.2000     2514.4000
     450.54021        0.8000     5248.0000      530.2000     2461.4000
     450.53451        0.8000     5248.0000      529.2000     2451.4000
     450.70285        0.8000     5256.0000      537.2000     2531.4000
     450.77137        0.8000     5258.0000      535.2000     2581.4000
     450.90560        0.8000     5266.0000      529.2000     2552.4000
     450.99990        0.8000     5270.0000      538.2000     2589.4000
     451.11426        0.8000     5274.0000      541.2000     2601.4000
     451.17146        0.8000     5274.0000      534.2000     2487.4000
     451.34028        0.8000     5281.0000      533.2000     2554.4000
     451.34028        0.8000     5281.0000      541.2000     2483.4000
     451.47199        0.8000     5289.0000      538.2000     2534.4000
     451.62097        0.8000     5294.0000      542.2000     2557.4000
     451.68690       -0.2000     5298.0000      540.2000     2547.4000
     451.80160        0.8000     5300.0000      540.2000     2571.4000
     451.91350        0.8000     5305.0000      544.2000     2578.4000
     451.97377        0.8000     5306.0000      541.2000     2494.4000
     452.09149        0.8000     5311.0000      544.2000     2591.4000
     452.20353        0.8000     5316.0000      543.2000     2517.4000
     452.31562        0.8000     5321.0000      541.2000     2635.4000
     452.37887        0.8000     5323.0000      551.2000     2579.4000
     452.49968        0.8000     5325.0000      544.2000     2629.4000
     452.60616        0.8000     5328.0000      538.2000     2523.4000
     452.72133        0.8000     5333.0000      543.2000     2813.4000
     452.77894        0.8000     5331.0000      543.2000     2545.4000
     452.89420        0.8000     5338.0000      548.2000     2650.4000
     453.00663        0.8000     5343.0000      551.2000     2575.4000
     453.11624        0.8000     5346.0000      543.2000     2685.4000
     453.18260        0.8000     5347.0000      550.2000     2603.4000
     453.29807       -0.2000     5354.0000      550.2000     2646.4000
     453.41359        0.8000     5358.0000      553.2000     2701.4000
     453.47426        0.8000     5363.0000      555.2000     2691.4000
     453.63324        0.8000     5368.0000      553.2000     2717.4000
     453.63324        0.8000     5366.0000      560.2000     2707.4000
     453.76630       -0.2000     5376.0000      556.2000     2652.4000
     453.92549        0.8000     5378.0000      555.2000     2745.4000
     453.99209        0.8000     5379.0000      552.2000     2808.4000
     454.10507        0.8000     5383.0000      559.2000     2779.4000
     454.20941       -0.2000     5385.0000      562.2000     2715.4000
     454.27899        0.8000     5389.0000      568.2000     2762.4000
     454.39502        0.8000     5393.0000      559.2000     2782.4000
     454.51110        0.8000     5395.0000      563.2000     2707.4000
     454.57497        0.8000     5396.0000      563.2000     2823.4000
     454.71729        0.8000     5402.0000      561.2000     2861.4000
     454.80447        0.8000     5406.0000      572.2000     2900.4000
     454.91204        0.8000     5411.0000      560.2000     2816.4000
     454.97893        0.8000     5412.0000      573.2000     3007.4000
     455.09531        0.8000     5417.0000      583.2000     3035.4000
     455.20884        0.8000     5420.0000      591.2000     3101.4000
     455.28747        0.8000     5424.0000      597.2000     3339.4000
     455.38944        0.8000     5428.0000      618.2000     3520.4000
     455.50312        0.8000     5429.0000      638.2000     3626.4000
     455.61977        0.8000     5429.0000      645.2000     3910.4000
     455.67812        0.8000     5431.0000      643.2000     3790.4000
     455.79486        0.8000     5434.0000      645.2000     3884.4000
     455.90873        0.8000     5433.0000      642.2000     3870.4000
     456.00806        0.8000     5438.0000      662.2000     4127.4000
     456.08697        0.8000     5440.0000      682.2000     4249.4000
     456.20392        0.8000     5442.0000      698.2000     4544.4000
     456.31800        1.8000     5442.0000      712.2000     4756.4000
     456.37945        0.8000     5445.0000      708.2000     4729.4000
     456.49655        0.8000     5445.0000      719.2000     4813.4000
     456.61078        0.8000     5445.0000      729.2000     5085.4000
     456.67524        0.8000     5448.0000      783.2000     5240.4000
     456.82475        0.8000     5448.0000     1002.2000     6461.4000
     456.90687        1.8000     5453.0000     1182.2000     7140.4000
     457.01544        0.8000     5456.0000     1473.2000     8251.4000
     457.08001        0.8000     5462.0000     1637.2000     8847.4000
     457.19747        1.8000     5469.0000     1746.2000     9364.4000
     457.31499        0.8000     5475.0000     1642.2000     8911.4000
     457.37671        0.8000     5477.0000     1515.2000     8309.4000
     457.49727        1.8000     5487.0000     1186.2000     7225.4000
     457.61200        0.8000     5490.0000      966.2000     6251.4000
     457.72384        0.8000     5495.0000      836.2000     5408.4000
     457.78567        0.8000     5499.0000      788.2000     5278.4000
     457.90350        1.8000     5502.0000      756.2000     4901.4000
     457.98896        0.8000     5506.0000      742.2000     4909.4000
     458.08624        0.8000     5506.0000      756.2000     5034.4000
     458.20127        0.8000     5507.0000      770.2000     5026.4000
     458.31930        0.8000     5509.0000      808.2000     5348.4000
     458.37834        0.8000     5510.0000      857.2000     5731.4000
     458.49647        1.8000     5512.0000      951.2000     6620.4000
     458.61170        0.8000     5514.0000     1069.2000     7337.4000
     458.72404        1.8000     5512.0000     1203.2000     8028.4000
     458.79206        0.8000     5516.0000     1290.2000     8535.4000
     458.90744        0.8000     5520.0000     1417.2000     8920.4000
     458.96959        1.8000     5521.0000     1472.2000     9115.4000
     459.09098        1.8000     5533.0000     1518.2000     9208.4000
     459.20652        0.8000     5538.0000     1484.2000     9046.4000
     459.31914        1.8000     5549.0000     1461.2000     8911.4000
     459.38437        1.8000     5554.0000     1450.2000     8832.4000
     459.50302        0.8000     5563.0000     1438.2000     8707.4000
     459.61876        0.8000     5575.0000     1473.2000     8799.4000
     459.67813        0.8000     5581.0000     1511.2000     9066.4000
     459.79990        0.8000     5591.0000     1559.2000     9093.4000
     459.91579        1.8000     5599.0000     1582.2000     9347.4000
     459.97822        0.8000     5607.0000     1602.2000     9311.4000
     460.09717        0.8000     5613.0000     1554.2000     9161.4000
     460.21619        1.8000     5618.0000     1464.2000     8850.4000
     460.27869        0.8000     5620.0000     1328.2000     8487.4000
     460.39482        0.8000     5626.0000     1227.2000     7809.4000
     460.51101        0.8000     5627.0000     1114.2000     7406.4000
     460.62130        0.8000     5633.0000     1022.2000     6806.4000
     460.69286        0.8000     5631.0000      984.2000     6623.4000
     460.80920        1.8000     5630.0000      945.2000     6382.4000
     460.87187        0.8000     5634.0000      930.2000     6320.4000
     460.99129        0.8000     5636.0000      910.2000     6209.4000
     461.11076        0.8000     5641.0000      912.2000     6125.4000
     461.21536        0.8000     5645.0000      927.2000     6374.4000
     461.29010        0.8000     5646.0000      932.2000     6425.4000
     461.40674        0.8000     5648.0000      979.2000     6462.4000
     461.46957        0.8000     5646.0000      994.2000     6609.4000
     461.64319        0.8000     5651.0000     1058.2000     7007.4000
     461.64020        0.8000     5648.0000     1064.2000     6920.4000
     461.76900        1.8000     5652.0000     1117.2000     7386.4000
     461.88888        0.8000     5650.0000     1201.2000     7731.4000
     462.00883        0.8000     5651.0000     1303.2000     8192.4000
     462.12583        0.8000     5651.0000     1412.2000     8350.4000
     462.18586        1.8000     5650.0000     1484.2000     8758.4000
     462.30295        0.8000     5652.0000     1606.2000     9176.4000
     462.37204        1.8000     5655.0000     1670.2000     9297.4000
     462.53732        0.8000     5656.0000     1763.2000     9523.4000
     462.53732        1.8000     5655.0000     1762.2000     9561.4000
     462.66963        1.8000     5658.0000     1771.2000     9704.4000
     462.78998        0.8000     5662.0000     1713.2000     9606.4000
     462.91040        1.8000     5668.0000     1645.2000     9264.4000
     463.01882        0.8000     5673.0000     1559.2000     9115.4000
     463.09113        0.8000     5677.0000     1503.2000     9149.4000
     463.20869        0.8000     5680.0000     1414.2000     8682.4000
     463.27201        0.8000     5683.0000     1373.2000     8681.4000
     463.39569        0.8000     5685.0000     1312.2000     8554.4000
     463.51038        0.8000     5687.0000     1298.2000     8487.4000
     463.58285        0.8000     5690.0000     1294.2000     8599.4000
     463.69461        0.8000     5689.0000     1315.2000     8419.4000
     463.81549        0.8000     5690.0000     1339.2000     8544.4000
     463.87898        1.8000     5693.0000     1379.2000     8865.4000
     463.99693        0.8000     5695.0000     1428.2000     8787.4000
     464.11495        0.8000     5698.0000     1491.2000     9048.4000
     464.17852        1.8000     5700.0000     1551.2000     9314.4000
     464.29966        1.8000     5704.0000     1632.2000     9308.4000
     464.42086        1.8000     5708.0000     1747.2000     9930.4000
     464.48148        0.8000     5712.0000     1806.2000     9959.4000
     464.60277        1.8000     5720.0000     1901.2000    10331.4000
     464.72110        1.8000     5726.0000     1989.2000    10393.4000
     464.78483        1.8000     5732.0000     2027.2000    10399.4000
     464.90629        0.8000     5742.0000     2071.2000    10868.4000
     465.02173        1.8000     5753.0000     2068.2000    10772.4000
     465.08555        0.8000     5759.0000     2038.2000    10601.4000
     465.20411        1.8000     5768.0000     1992.2000    10817.4000
     465.27407        1.8000     5776.0000     1949.2000    10608.4000
     465.39578        0.8000     5786.0000     1862.2000    10295.4000
     465.51450        1.8000     5790.0000     1801.2000    10297.4000
     465.57541        1.8000     5793.0000     1732.2000    10231.4000
     465.69728        0.8000     5802.0000     1652.2000     9888.4000
     465.81616        0.8000     5807.0000     1578.2000     9752.4000
     465.88020        1.8000     5808.0000     1513.2000     9778.4000
     466.00222        0.8000     5814.0000     1439.2000     9469.4000
     466.12126        0.8000     5819.0000     1360.2000     9278.4000
     466.18538        0.8000     5824.0000     1325.2000     8898.4000
     466.30451        1.8000     5826.0000     1244.2000     8433.4000
     466.40536        0.8000     5832.0000     1187.2000     8201.4000
     466.49097        0.8000     5836.0000     1140.2000     8070.4000
     466.61026        0.8000     5838.0000     1104.2000     7779.4000
     466.67451        0.8000     5840.0000     1068.2000     7770.4000
     466.79696        0.8000     5845.0000     1027.2000     7318.4000
     466.91640        0.8000     5852.0000     1000.2000     7130.4000
     466.98074        0.8000     5853.0000      979.2000     7098.4000
     467.10334        0.8000     5856.0000      963.2000     6964.4000
     467.22601        0.8000     5862.0000      949.2000     6670.4000
     467.22601        0.8000     5866.0000      956.2000     6893.4000
     467.40399        0.8000     5871.0000      932.2000     6682.4000
     467.47154        0.8000     5875.0000      918.2000     6522.4000
     467.59440        0.8000     5878.0000      906.2000     6510.4000
     467.71733        0.8000     5885.0000      898.2000     6415.4000
     467.77881        0.8000     5889.0000      895.2000     6405.4000
     467.90184        0.8000     5894.0000      896.2000     6254.4000
     468.01877        0.8000     5894.0000      890.2000     6281.4000
     468.08649        0.8000     5895.0000      902.2000     6245.4000
     468.20968        0.8000     5897.0000      886.2000     6233.4000
     468.27437        0.8000     5903.0000      873.2000     6139.4000
     468.39458        0.8000     5903.0000      879.2000     6322.4000
     468.51484        0.8000     5907.0000      870.2000     6077.4000
     468.58271        0.8000     5907.0000      879.2000     6258.4000
     468.70306        0.8000     5914.0000      879.2000     6118.4000
     468.82657        0.8000     5916.0000      872.2000     6216.4000
     468.82657        0.8000     5917.0000      873.2000     6162.4000
     469.00269        0.8000     5922.0000      865.2000     6185.4000
     469.07379        0.8000     5925.0000      874.2000     6187.4000
     469.19749        0.8000     5930.0000      870.2000     6154.4000
     469.32126        0.8000     5936.0000      872.2000     6149.4000
     469.38317        0.8000     5936.0000      873.2000     6291.4000
     469.50394        0.8000     5939.0000      877.2000     6235.4000
     469.59689        0.8000     5937.0000      875.2000     6300.4000
     469.69297        0.8000     5937.0000      877.2000     6377.4000
     469.81700        0.8000     5936.0000      875.2000     6257.4000
     469.87904        0.8000     5944.0000      875.2000     6337.4000
     470.00006        0.8000     5945.0000      878.2000     6222.4000
     470.11805        0.8000     5949.0000      886.2000     6405.4000
     470.18949        0.8000     5951.0000      888.2000     6276.4000
     470.31067        0.8000     5955.0000      884.2000     6270.4000
     470.37595        0.8000     5957.0000      880.2000     6261.4000
     470.50035        0.8000     5960.0000      875.2000     6227.4000
     470.62169        0.8000     5963.0000      879.2000     6433.4000
     470.68706        0.8000     5966.0000      884.2000     6238.4000
     470.81162        0.8000     5973.0000      879.2000     6222.4000
     470.87703        0.8000     5978.0000      879.2000     6348.4000
     470.99858        0.8000     5982.0000      884.2000     6220.4000
     471.12018        0.8000     5987.0000      886.2000     6179.4000
     471.18568        0.8000     5986.0000      884.2000     6254.4000
     471.31051        0.8000     5990.0000      877.2000     6300.4000
     471.42915        0.8000     5994.0000      893.2000     6224.4000
     471.42602        0.8000     5989.0000      878.2000     6227.4000
     471.56347        1.8000     5996.0000      890.2000     6402.4000
     471.68849        1.8000     5998.0000      891.2000     6435.4000
     471.81045        0.8000     6003.0000      887.2000     6393.4000
     471.92622        0.8000     6006.0000      889.2000     6424.4000
     471.92935        0.8000     6005.0000      888.2000     6426.4000
     472.06396        0.8000     6012.0000      897.2000     6301.4000
     472.21431        0.8000     6016.0000      899.2000     6478.4000
     472.23938        0.8000     6019.0000      899.2000     6287.4000
     472.37103        0.8000     6019.0000      892.2000     6181.4000
     472.49962        0.8000     6026.0000      897.2000     6406.4000
     472.61886        1.8000     6027.0000      888.2000     6276.4000
     472.68792        0.8000     6032.0000      897.2000     6281.4000
     472.81040        0.8000     6034.0000      890.2000     6247.4000
     472.87637        0.8000     6031.0000      888.2000     6332.4000
     473.00209        0.8000     6039.0000      884.2000     6120.4000
     473.12159        0.8000     6044.0000      885.2000     6217.4000
     473.19080        0.8000     6044.0000      885.2000     6069.4000
     473.31353        0.8000     6049.0000      875.2000     6183.4000
     473.37965        0.8000     6049.0000      876.2000     6140.4000
     473.50249        0.8000     6055.0000      881.2000     6099.4000
     473.61908        0.8000     6058.0000      872.2000     6032.4000
     473.69474        0.8000     6060.0000      888.2000     6039.4000
     473.77674        0.8000     6063.0000      878.2000     6077.4000
     473.88084        0.8000     6065.0000      880.2000     6068.4000
     474.00394        0.8000     6071.0000      881.2000     6018.4000
     474.07341        0.8000     6069.0000      878.2000     6093.4000
     474.19977        0.8000     6069.0000      885.2000     6096.4000
     474.32303        0.8000     6070.0000      896.2000     6067.4000
     474.32303        0.8000     6071.0000      894.2000     6073.4000
     474.50962        0.8000     6075.0000      902.2000     6339.4000
     474.57924        0.8000     6077.0000      894.2000     6111.4000
     474.70587        0.8000     6080.0000      897.2000     6224.4000
     474.82622        0.8000     6085.0000      898.2000     6243.4000
     474.82622        0.8000     6083.0000      902.2000     6406.4000
     474.96249        0.8000     6085.0000      910.2000     6296.4000
     475.21305        0.8000     6093.0000      926.2000     6500.4000
     475.40034        0.8000     6100.0000      919.2000     6409.4000
     475.59414        0.8000     6103.0000      927.2000     6355.4000
     475.84537        0.8000     6110.0000      939.2000     6563.4000
     475.97585        0.8000     6112.0000      927.2000     6436.4000
     476.22429        0.8000     6117.0000      925.2000     6632.4000
     476.36137        0.8000     6116.0000      922.2000     6666.4000
     476.61340        0.8000     6123.0000      926.2000     6544.4000
     476.80180        0.8000     6128.0000      936.2000     6476.4000
     476.99675        0.8000     6132.0000      930.2000     6453.4000
     477.18865        0.8000     6142.0000      932.2000     6578.4000
     477.43516        0.8000     6149.0000      926.2000     6512.4000
     477.57293        0.8000     6149.0000      915.2000     6542.4000
     477.81983        0.8000     6156.0000      918.2000     6534.4000
     478.01561        0.8000     6158.0000      911.2000     6587.4000
     478.15371        0.8000     6163.0000      904.2000     6468.4000
     478.40765        0.8000     6174.0000      895.2000     6556.4000
     478.60069        0.8000     6181.0000      899.2000     6261.4000
     478.79711        0.8000     6186.0000      884.2000     6050.4000
     479.04528        0.8000     6192.0000      891.2000     6169.4000
     479.18075        0.8000     6195.0000      871.2000     6007.4000
     479.37765        0.8000     6200.0000      869.2000     5992.4000
     479.62966        0.8000     6209.0000      878.2000     5854.4000
     479.82369        0.8000     6213.0000      871.2000     5826.4000
     479.95636        0.8000     6216.0000      871.2000     5830.4000
     480.21546        0.8000     6220.0000      867.2000     5895.4000
     480.40672        0.8000     6227.0000      871.2000     5857.4000
     480.60462        0.8000     6230.0000      874.2000     5911.4000
     480.79295        0.8000     6235.0000      867.2000     5852.4000
     480.99442        0.8000     6239.0000      877.2000     5871.4000
     481.18956        0.8000     6248.0000      874.2000     5902.4000
     481.38811        0.8000     6253.0000      874.2000     5743.4000
     481.64223        0.8000     6261.0000      879.2000     5765.4000
     481.77592        0.8000     6264.0000      877.2000     5692.4000
     482.03045        1.8000     6274.0000      874.2000     5777.4000
     482.16762        0.8000     6276.0000      879.2000     5759.4000
     482.42584        0.8000     6284.0000      866.2000     5813.4000
     482.55996        0.8000     6290.0000      883.2000     5775.4000
     482.82187        0.8000     6299.0000      885.2000     5731.4000
     483.00866        0.8000     6303.0000      880.2000     5779.4000
     483.21199        0.8000     6308.0000      883.2000     5698.4000
     483.35640        0.8000     6311.0000      885.2000     5930.4000
     483.60932        0.8000     6317.0000      881.2000     5827.4000
     483.80330        0.8000     6318.0000      883.2000     5884.4000
     484.00401        0.8000     6322.0000      883.2000     5880.4000
     484.19830        0.8000     6320.0000      887.2000     5942.4000
     484.39935        0.8000     6236.0000      882.2000     5782.4000
     484.59395        0.8000     6242.0000      877.2000     5835.4000
     484.79533        0.8000     6246.0000      883.2000     5845.4000
     484.99356        0.8000     6253.0000      883.2000     5902.4000
     485.19195        0.8000     6259.0000      897.2000     5895.4000
     485.39051        1.8000     6268.0000      887.2000     5934.4000
     485.59254        0.8000     6270.0000      891.2000     6051.4000
     485.84781        0.8000     6272.0000      901.2000     5959.4000
     485.98716        0.8000     6275.0000      906.2000     6094.4000
     486.18637        0.8000     6278.0000      903.2000     6124.4000
     486.38574        0.8000     6284.0000      907.2000     6140.4000
     486.64517        0.8000     6290.0000      912.2000     6142.4000
     486.78498        0.8000     6296.0000      902.2000     6055.4000
     486.98484        0.8000     6302.0000      909.2000     6222.4000
     487.18820        0.8000     6305.0000      916.2000     6470.4000
     487.44181        0.8000     6310.0000      916.2000     6189.4000
     487.58542        0.8000     6313.0000      916.2000     6178.4000
     487.78594        0.8000     6321.0000      912.2000     6217.4000
     487.98663        0.8000     6325.0000      913.2000     6213.4000
     488.25112        0.8000     6330.0000      919.2000     6278.4000
     488.38179        0.8000     6335.0000      923.2000     6379.4000
     488.58633        0.8000     6340.0000      922.2000     6440.4000
     488.79103        0.8000     6347.0000      925.2000     6416.4000
     488.99254        0.8000     6353.0000      925.2000     6335.4000
     489.19759        0.8000     6359.0000      928.2000     6424.4000
     489.39944        0.8000     6364.0000      932.2000     6460.4000
     489.59809        0.8000     6369.0000      937.2000     6279.4000
     489.80027        1.8000     6373.0000      932.2000     6257.4000
     490.00261        0.8000     6378.0000      929.2000     6358.4000
